3 0.14646464646464646 0.22647058823529412 0.23905723905723905 0.21764705882352942
2 0.13131313131313133 0.7411764705882353 0.24915824915824916 0.24705882352941178
4 0.4764309764309764 0.21176470588235294 0.11784511784511785 0.2
4 0.9276094276094277 0.21176470588235294 0.11784511784511785 0.2
4 0.8249158249158249 0.6617647058823529 0.11447811447811448 0.19411764705882353
4 0.8619528619528619 0.861764705882353 0.11447811447811448 0.19411764705882353
4 0.7373737373737373 0.861764705882353 0.11447811447811448 0.19411764705882353
4 0.6060606060606061 0.861764705882353 0.11447811447811448 0.19411764705882353
4 0.4781144781144781 0.75 0.11447811447811448 0.19411764705882353
5 0.6026936026936027 0.12941176470588237 0.08754208754208755 0.15294117647058825
5 0.7037037037037037 0.12941176470588237 0.08754208754208755 0.15294117647058825
5 0.8047138047138047 0.12941176470588237 0.08754208754208755 0.15294117647058825
5 0.8047138047138047 0.31176470588235294 0.08754208754208755 0.15294117647058825
5 0.7037037037037037 0.31176470588235294 0.08754208754208755 0.15294117647058825
5 0.6026936026936027 0.31176470588235294 0.08754208754208755 0.15294117647058825
5 0.6026936026936027 0.6647058823529411 0.08754208754208755 0.15294117647058825
5 0.7037037037037037 0.6647058823529411 0.08754208754208755 0.15294117647058825
