5 0.12121212121212122 0.15088757396449703 0.14814814814814814 0.26627218934911245
5 0.30303030303030304 0.15088757396449703 0.14814814814814814 0.26627218934911245
5 0.48484848484848486 0.15088757396449703 0.14814814814814814 0.26627218934911245
5 0.6767676767676768 0.15088757396449703 0.14814814814814814 0.26627218934911245
5 0.8552188552188552 0.15088757396449703 0.14814814814814814 0.26627218934911245
5 0.8552188552188552 0.4822485207100592 0.14814814814814814 0.26627218934911245
5 0.67003367003367 0.4822485207100592 0.14814814814814814 0.26627218934911245
5 0.48484848484848486 0.4822485207100592 0.14814814814814814 0.26627218934911245
5 0.3063973063973064 0.47633136094674555 0.14814814814814814 0.26627218934911245
5 0.11784511784511785 0.4822485207100592 0.14814814814814814 0.26627218934911245
5 0.11784511784511785 0.8076923076923077 0.14814814814814814 0.26627218934911245
5 0.30303030303030304 0.8076923076923077 0.14814814814814814 0.26627218934911245
5 0.48484848484848486 0.8076923076923077 0.14814814814814814 0.26627218934911245
5 0.6734006734006734 0.8076923076923077 0.14814814814814814 0.26627218934911245
5 0.8585858585858586 0.8076923076923077 0.14814814814814814 0.26627218934911245
